2399
1239
7893
3798
9637
2716
8295
6770
2789
4122
4632
1769
3068
3572
9236
8244
4335
3297
973
7006
2174
956
6513
7640
7122
514
3228
629
1808
6173
453
2181
4654
5325
5418
2477
3211
1247
9160
6300
1773
6016
2257
4528
9191
4042
8246
4788
4072
766
8123
8488
8692
6670
40
9601
6337
6626
2773
3930
7781
8426
4039
9155
7864
3451
9527
4052
4449
5511
5005
89
8778
444
491
7623
305
5513
8789
1984
5145
8326
3223
6758
7713
4231
7047
1879
4455
9372
3946
6096
670
2338
424
6296
7666
3689
2180
6142
9778
7838
550
897
4108
2695
8580
1667
7158
8338
7557
3273
4084
8710
1381
1965
1720
9758
9581
6634
2308
5722
1342
3082
9517
1154
7335
5078
4672
4639
1894
7985
7128
2097
8092
1137
2061
142
2630
2460
2403
6257
2148
5107
7025
9968
8723
9241
992
4905
3311
2826
7402
2293
8256
2594
9839
8574
7447
6525
6647
273
4165
6564
3695
4387
8138
1683
5242
9964
4208
9890
974
9734
4056
6317
8266
6741
9010
7003
8059
3222
7633
1016
9269
6572
1731
1071
7715
2509
9662
4462
3884
5295
1079
9146
5390
2610
4166
7160
8541
3166
7222
9052
9135
9232
1600
7269
8517
9499
9308
6729
4441
6928
3935
1214
7372
6949
4970
2631
2163
498
6215
556
7159
8982
4342
6673
520
9522
6837
2555
3262
1654
7175
7829
9604
3777
9969
3766
1883
3301
8304
8025
7813
9214
5765
3387
6036
2334
5232
9332
6672
8717
8981
9423
9328
3863
2853
7536
4730
3238
724
5203
1947
161
8008
7914
3229
1356
516
6616
4499
5806
2495
390
8791
5996
707
3436
3567
8528
1407
595
3943
8605
2652
5799
7390
3272
3782
7385
9485
5234
1036
2416
6325
7380
5207
9379
1167
930
2431
6507
8221
3670
4112
2385
4320
278
7655
772
2807
6884
1644
2531
6336
6403
9912
4675
4323
8053
2830
4962
2777
7876
4195
9548
757
1695
2087
3711
3832
701
6217
3178
3288
7509
9727
7408
5371
6756
3182
4133
6892
8616
8943
9494
5785
830
6439
5192
1436
2235
2015
2969
6679
4513
6097
5074
718
5862
6663
7428
256
587
9201
218
6100
583
2839
1135
5338
2039
1823
2741
4829
8429
4709
4875
6084
539
6866
283
5252
4501
7832
2663
6999
4347
2499
8140
3576
8652
835
8434
4593
9453
8232
9868
2879
6643
901
3330
2112
6127
2655
245
8552
5147
7184
6483
4627
7061
5389
126
94
4800
9555
6498
5048
4126
6055
7754
4093
7135
3108
25
9853
2673
3970
5567
5297
5667
1185
8514
3179
2878
7796
1230
2230
564
3743
1305
7014
9221
6804
9096
8770
2909
7974
6983
1112
4853
859
9634
2710
7673
5213
3676
2084
5244
8487
1014
6739
2355
522
5437
8838
7300
9335
6441
3698
2358
7270
1948
9245
2970
752
3278
937
9672
9203
1923
740
5928
600
6784
2864
2217
3652
5501
2944
8159
3470
9842
3561
4802
6043
1741
